19294705
227999823
39941746
4654419
31537528
5941657
12174310
45849752
8624884
41500258
147161961
63020156
183393108
19066713
63893038
21425526
340358
50973784
24381957
2819387
2144775
5774731
375296979
65501801
17963013
37207386
3557030
5193755
349754476
22341538
618511
280392417
157300617
19486904
192799372
19767726
12519432
156623131
97930961
157871186
430354485
3952932
6013197
8528630
7253881
7365459
16379215
176661547
1091495
32976781
28308176
243170537
133607645
66751306
138801280
34128087
5125644
3851250
10513253
60040027
61752369
271649114
106036921
49429313
387263824
144671217
65957498
133880517
107476208
37117597
297532293
138415420
44378924
153462723